3 0.5024038461538461 0.5793269230769231 0.25721153846153844 0.22956730769230768
3 0.25961538461538464 0.44350961538461536 0.1141826923076923 0.07692307692307693
3 0.3858173076923077 0.4639423076923077 0.22956730769230768 0.10336538461538461
3 0.5913461538461539 0.47716346153846156 0.18990384615384615 0.08173076923076923
2 0.8737980769230769 0.4831730769230769 0.17668269230769232 0.0889423076923077
2 0.007211538461538462 0.4411057692307692 0.014423076923076924 0.030048076923076924
2 0.015625 0.47836538461538464 0.030048076923076924 0.042067307692307696
2 0.125 0.4543269230769231 0.06850961538461539 0.06370192307692307
2 0.32091346153846156 0.43149038461538464 0.0625 0.021634615384615384
2 0.47836538461538464 0.4375 0.05889423076923077 0.03125
2 0.5649038461538461 0.4495192307692308 0.1466346153846154 0.056490384615384616
2 0.96875 0.4879807692307692 0.06129807692307692 0.08653846153846154