2 0.004807692307692308 0.8137019230769231 0.009615384615384616 0.04807692307692308
2 0.04447115384615385 0.7980769230769231 0.0889423076923077 0.0733173076923077
2 0.47115384615384615 0.78125 0.0829326923076923 0.04807692307692308
2 0.5564903846153846 0.7980769230769231 0.13341346153846154 0.07572115384615384
2 0.6129807692307693 0.7932692307692307 0.0889423076923077 0.06129807692307692
2 0.6526442307692307 0.7788461538461539 0.05048076923076923 0.025240384615384616
2 0.7223557692307693 0.7836538461538461 0.010817307692307692 0.019230769230769232
2 0.8317307692307693 0.8076923076923077 0.04927884615384615 0.052884615384615384
2 0.8293269230769231 0.7848557692307693 0.040865384615384616 0.02403846153846154
2 0.9230769230769231 0.8004807692307693 0.13581730769230768 0.07451923076923077
2 0.9375 0.8293269230769231 0.12259615384615384 0.07211538461538461
1 0.1814903846153846 0.7620192307692307 0.25 0.13701923076923078