2 0.1466346153846154 0.8461538461538461 0.23557692307692307 0.14783653846153846
2 0.040865384615384616 0.8737980769230769 0.08173076923076923 0.1141826923076923
2 0.4699519230769231 0.9435096153846154 0.44471153846153844 0.10817307692307693
2 0.4735576923076923 0.8076923076923077 0.06610576923076923 0.06009615384615385
2 0.5060096153846154 0.7872596153846154 0.038461538461538464 0.051682692307692304
2 0.5276442307692307 0.78125 0.025240384615384616 0.038461538461538464
2 0.5649038461538461 0.7644230769230769 0.013221153846153846 0.019230769230769232
2 0.7019230769230769 0.9158653846153846 0.2536057692307692 0.16706730769230768
2 0.6189903846153846 0.7716346153846154 0.009615384615384616 0.015625
2 0.6346153846153846 0.7836538461538461 0.025240384615384616 0.030048076923076924
2 0.6634615384615384 0.7752403846153846 0.02283653846153846 0.027644230769230768
2 0.6838942307692307 0.7824519230769231 0.025240384615384616 0.027644230769230768
2 0.7800480769230769 0.8725961538461539 0.15144230769230768 0.1875
2 0.8305288461538461 0.8377403846153846 0.04447115384615385 0.08533653846153846