2 0.13942307692307693 0.7331730769230769 0.27884615384615385 0.1814903846153846
2 0.12139423076923077 0.6490384615384616 0.234375 0.0889423076923077
2 0.43509615384615385 0.6923076923076923 0.7740384615384616 0.5
2 0.125 0.5060096153846154 0.052884615384615384 0.028846153846153848
2 0.25 0.6033653846153846 0.1310096153846154 0.07572115384615384
2 0.24278846153846154 0.5084134615384616 0.057692307692307696 0.040865384615384616
2 0.34975961538461536 0.6670673076923077 0.19831730769230768 0.11057692307692307
2 0.30288461538461536 0.5144230769230769 0.052884615384615384 0.03245192307692308
2 0.3581730769230769 0.5865384615384616 0.14903846153846154 0.06370192307692307
2 0.48677884615384615 0.7223557692307693 0.24879807692307693 0.15264423076923078
2 0.47475961538461536 0.5721153846153846 0.09615384615384616 0.0625
2 0.5132211538461539 0.6213942307692307 0.1466346153846154 0.07091346153846154
2 0.5805288461538461 0.6117788461538461 0.08774038461538461 0.08533653846153846
2 0.6286057692307693 0.6742788461538461 0.15384615384615385 0.11538461538461539
2 0.6442307692307693 0.5805288461538461 0.0625 0.054086538461538464
2 0.6862980769230769 0.5685096153846154 0.03485576923076923 0.040865384615384616
2 0.7211538461538461 0.6370192307692307 0.1045673076923077 0.09615384615384616
2 0.71875 0.5649038461538461 0.04567307692307692 0.040865384615384616
2 0.7896634615384616 0.59375 0.06610576923076923 0.09375