2 0.037259615384615384 0.41947115384615385 0.07451923076923077 0.10576923076923077
2 0.040865384615384616 0.3858173076923077 0.08173076923076923 0.0625
2 0.11778846153846154 0.4266826923076923 0.07572115384615384 0.08052884615384616
2 0.10336538461538461 0.43028846153846156 0.04326923076923077 0.06009615384615385
2 0.5120192307692307 0.5649038461538461 0.8016826923076923 0.6947115384615384
2 0.8449519230769231 0.42427884615384615 0.015625 0.010817307692307692
2 0.8581730769230769 0.36658653846153844 0.020432692307692308 0.013221153846153846
2 0.875 0.4266826923076923 0.016826923076923076 0.010817307692307692
2 0.8846153846153846 0.36899038461538464 0.02283653846153846 0.013221153846153846
2 0.9338942307692307 0.5024038461538461 0.039663461538461536 0.125
2 0.9783653846153846 0.5649038461538461 0.042067307692307696 0.14543269230769232