2 0.22596153846153846 0.8497596153846154 0.4519230769230769 0.13221153846153846
2 0.3701923076923077 0.6935096153846154 0.09014423076923077 0.1346153846153846
2 0.4098557692307692 0.6105769230769231 0.03125 0.03245192307692308
2 0.43509615384615385 0.5372596153846154 0.036057692307692304 0.06490384615384616
2 0.4639423076923077 0.39663461538461536 0.020432692307692308 0.12139423076923077
2 0.47716346153846156 0.4723557692307692 0.03245192307692308 0.01201923076923077
2 0.47475961538461536 0.5252403846153846 0.019230769230769232 0.01201923076923077
2 0.49278846153846156 0.7079326923076923 0.054086538461538464 0.026442307692307692
2 0.4723557692307692 0.3161057692307692 0.01201923076923077 0.03245192307692308
2 0.4795673076923077 0.5252403846153846 0.018028846153846152 0.004807692307692308
2 0.4807692307692308 0.15504807692307693 0.007211538461538462 0.004807692307692308
2 0.4831730769230769 0.2644230769230769 0.01201923076923077 0.007211538461538462
2 0.49399038461538464 0.3329326923076923 0.020432692307692308 0.008413461538461538
2 0.49038461538461536 0.15144230769230768 0.007211538461538462 0.003605769230769231
2 0.5024038461538461 0.5649038461538461 0.02283653846153846 0.009615384615384616
2 0.5120192307692307 0.6790865384615384 0.03125 0.020432692307692308
2 0.5168269230769231 0.2403846153846154 0.025240384615384616 0.18389423076923078
2 0.5324519230769231 0.5252403846153846 0.04567307692307692 0.04927884615384615
2 0.5300480769230769 0.49038461538461536 0.025240384615384616 0.008413461538461538
2 0.5552884615384616 0.4074519230769231 0.06610576923076923 0.13822115384615385
2 0.5564903846153846 0.4951923076923077 0.03245192307692308 0.013221153846153846
2 0.5757211538461539 0.8329326923076923 0.0673076923076923 0.04807692307692308
2 0.5817307692307693 0.6694711538461539 0.06610576923076923 0.13581730769230768