2 0.5216346153846154 0.9122596153846154 0.09975961538461539 0.11538461538461539
2 0.6995192307692307 0.8137019230769231 0.06490384615384616 0.0829326923076923
2 0.7115384615384616 0.7716346153846154 0.057692307692307696 0.06490384615384616
2 0.7391826923076923 0.6923076923076923 0.039663461538461536 0.057692307692307696
2 0.7439903846153846 0.7560096153846154 0.04447115384615385 0.06971153846153846
2 0.7319711538461539 0.6923076923076923 0.020432692307692308 0.03485576923076923
2 0.7584134615384616 0.7055288461538461 0.038461538461538464 0.054086538461538464
2 0.8112980769230769 0.8413461538461539 0.07572115384615384 0.09134615384615384
2 0.828125 0.7920673076923077 0.07572115384615384 0.0733173076923077
2 0.8257211538461539 0.7151442307692307 0.030048076923076924 0.040865384615384616
2 0.8365384615384616 0.7319711538461539 0.039663461538461536 0.05889423076923077
2 0.8557692307692307 0.7596153846153846 0.04447115384615385 0.05889423076923077
2 0.8858173076923077 0.7115384615384616 0.04447115384615385 0.057692307692307696
2 0.9122596153846154 0.7295673076923077 0.039663461538461536 0.051682692307692304