3 0.8569711538461539 0.6802884615384616 0.27524038461538464 0.28966346153846156
3 0.28125 0.6911057692307693 0.020432692307692308 0.03485576923076923
3 0.30408653846153844 0.6850961538461539 0.009615384615384616 0.028846153846153848
3 0.31971153846153844 0.6875 0.026442307692307692 0.03365384615384615
3 0.34975961538461536 0.6899038461538461 0.013221153846153846 0.03485576923076923
3 0.3641826923076923 0.6875 0.021634615384615384 0.039663461538461536
3 0.3762019230769231 0.6875 0.014423076923076924 0.052884615384615384
3 0.38822115384615385 0.6838942307692307 0.014423076923076924 0.04807692307692308
3 0.40865384615384615 0.6887019230769231 0.039663461538461536 0.06971153846153846
3 0.4495192307692308 0.6887019230769231 0.054086538461538464 0.08653846153846154
3 0.5132211538461539 0.6838942307692307 0.09254807692307693 0.09975961538461539
3 0.6237980769230769 0.6766826923076923 0.11658653846153846 0.14543269230769232
2 0.25721153846153844 0.7043269230769231 0.03245192307692308 0.05048076923076923